39
25
86
21
79
20
91
81
57
41
31
61
9
16
63
83
90
80
73
21
8
88
0
41
22
58
54
68
4
59
76
49
72
41
91
3
46
4
44
34
33
73
72
39
7
26
6
26
77
83
91
38
82
24
41
93
6
49
23
17
39
58
69
87
1
54
90
35
94
62
28
81
10
64
56
22
62
26
82
35
29
42
84
41
43
32
63
26
27
21
21
9
1
56
22
36
13
78
86
18
42
67
23
8
48
27
45
12
17
23
61
68
26
30
39
37
67
71
63
57
47
6
94
37
78
3
53
84
84
99
29
10
42
59
66
54
79
54
83
16
12
21
47
31
29
17
64
85
37
72
88
0
75
49
11
2
56
76
41
35
1
75
4
100
29
85
73
27
5
40
68
31
88
19
76
89
52
11
67
86
91
94
81
27
74
49
29
54
78
20
75
6
20
0
52
93
61
71
40
37
24
20
69
42
60
56
54
44
18
83
0
92
66
11
34
2
89
32
0
14
28
90
23
54
50
62
8
49
74
43
53
60
17
45
53
66
13
3
3
54
57
48
19
10
31
98
45
30
66
88
0
90
95
42
42
6
12
71
62
9
46
81
77
4
64
11
54
5
99
28
87
76
36
79
62
55
54
3
78
54
24
87
72
38
2
63
77
46
96
90
44
16
52
9
85
92
30
28
74
11
17
14
57
16
82
40
51
68
63
37
15
62
20
24
20
20
3
85
29
0
16
22
14
72
29
4
67
64
75
64
74
90
7
91
95
46
63
37
19
51
9
41
94
72
59
47
87
67
25
90
91
32
7
12
4
100
60
26
17
38
62
47
97
58
81
97
76
82
61
76
48
31
43
27
92
69
7
3
14
68
99
87
5
82
49
62
33
55
31
31
28
21
30
32
29
3
34
41
51
2
44
90
35
4
15
52
5
20
77
35
51
16
7
3
98
48
94
28
7
18
87
90
26
12
98
88
83
62
80
6
90
32
82
82
77
18
39
45
6
95
82
81
17
100
92
76
97
43
27
8
24
74
86
9
61
90
91
55
7
98
38
78
76
24
76
74
72
64
43
81
83
43
4
35
42
48
74
28
96
57
34
69
36
62
80
91
93
54
10
29
78
3
29
48
98
41
25
18
86
63
74
64
41
44
53
57
95
98
62
54
0
35
58
31
75
89
5
69
31
66
87
6
70
3
21
16
17
11
43
71
55
47
29
64
47
41
45
76
21
79
85
11
23
51
0
59
5
74
63
45
83
19
75
19
56
39
8
64
12
43
4
84
67
61
87
100
1
14
75
100
14
15
100
88
91
11
56
18
81
28
33
67
74
65
98
10
30
62
54
23
21
11
87
57
68
77
5
29
47
77
36
30
9
52
36
52
99
39
5
94
84
60
88
13
17
21
6
57
60
8
85
54
64
73
96
51
82
21
38
98
83
7
70
85
91
60
75
5
84
100
23
73
2
82
79
51
94
42
15
71
86
12
94
49
97
56
96
85
33
67
21
54
47
71
95
41
54
31
61
20
41
34
40
74
39
49
69
21
66
71
89
79
97
4
90
48
52
46
88
30
35
34
25
97
63
9
70
75
9
96
97
39
95
65
82
55
72
65
92
20
85
10
71
42
43
7
56
47
35
37
21
59
90
40
98
48
24
59
28
40
17
18
52
2
34
57
38
74
85
15
81
25
26
33
30
99
62
29
58
78
72
17
97
53
17
35
60
27
51
62
89
46
15
17
34
5
88
97
0
97
28
66
21
14
12
81
19
7
74
13
20
22
24
95
88
65
62
39
30
92
73
42
97
20
95
69
7
37
93
43
0
57
71
64
15
13
40
89
43
8
89
16
91
65
83
78
69
81
31
24
70
99
94
15
12
81
90
31
28
94
18
57
81
31
82
67
30
87
88
96
13
61
20
47
12
36
55
5
21
26
78
93
89
75
44
86
1
77
20
57
40
6
39
32
73
60
11
68
27
62
95
6
13
31
79
69
41
73
78
26
76
45
45
44
32
10
79
17
23
6
86
80
54
36
58
47
31
90
29
61
73
37
28
84
40
80
30
24
67
99
15
28
77
20
92
1
76
50
74
56
72
59
68
40
74
25
31
15
86
93
98
29
3
14
80
48
33
10
74
27
61
51
46
22
36
70
44
21
89
88
90
56
6
9
28
7
87
77
59
78
72
10
34
2
63
13
18
79
77
13
19
78
22
64
46
71
88
83
61
64
41
16
40
70
68
30
7
10
99
54
76
80
54
2
7
76
100
55
8
63
